"Number",  "Sum"
1,  50086010.38
2,  50070738.83
3,  50092314.02
4,  50175107.52
5,  50157859.27
6,  50137862.39
7,  50114319.06
8,  50085836.19
9,  50053256.37
10,  50015837.5
11,  50146114.16
12,  51226816.49
13,  51200190.34
14,  51444681.99
15,  51409517.84
16,  51367547.79
17,  51318452.38
18,  51261645.14
19,  51659375.33
20,  51919128.08
21,  51899489.36
22,  51875421.39
23,  52085401.94
24,  52062803.24
25,  52049708.62
26,  52314208.57
27,  52281890.99
28,  52244036.41
29,  52199194.69
30,  52146142.9
31,  52115779.68
32,  52050155.46
33,  53140305.37
34,  53047769.36
35,  53688043.45

